-5 -5
2 -1
-1.00737
-5 -5
2 0
-1
-5 -5
2 1
-2.9
-5 -5
5 -1
-1.04304
-5 -5
5 0
-1.04585
-5 -5
5 1
-2.897
-5 -4
2 -1
-1.97705
-5 -4
2 0
-1.71798
-5 -4
2 1
-2.43654
-5 -4
5 -1
-1
-5 -4
5 0
-1
-5 -4
5 1
-2.90398
-5 -3
2 -1
-3.29651
-5 -3
2 0
-1
-5 -3
2 1
-2.93345
-5 -3
5 -1
-1.14917
-5 -3
5 0
-1.61831
-5 -3
5 1
-2.9
-5 -2
2 -1
-2.82882
-5 -2
2 0
-1.8827
-5 -2
2 1
-1
-5 -2
5 -1
-1
-5 -2
5 0
-1.60252
-5 -2
5 1
-1
-5 -1
2 -1
-2.64533
-5 -1
2 0
-2.9
-5 -1
2 1
-3.91389
-5 -1
5 -1
-1.15291
-5 -1
5 0
-1.82918
-5 -1
5 1
-2.9
-5 0
5 -1
-1
-5 0
5 0
-1
-5 0
5 1
-2.90561
-5 1
3 -1
-2.67331
-5 1
3 0
-1.78913
-5 1
3 1
-3.894
-5 1
5 -1
-1
-5 1
5 0
-1.55503
-5 1
5 1
-5.92557
-5 2
3 -1
-2.63508
-5 2
3 0
-1.80384
-5 2
3 1
-3.85253
-5 2
5 -1
-1
-5 2
5 0
-1.39096
-5 2
5 1
-3.04408
-5 3
3 -1
-2.07875
-5 3
3 0
-1.73438
-5 3
3 1
-3.37849
-5 3
5 -1
-1.25689
-5 3
5 0
-1
-5 3
5 1
-3.85982
-5 4
3 -1
-1.09727
-5 4
3 0
-1.00685
-5 4
3 1
-2.16397
-5 4
5 -1
-1.06026
-5 4
5 0
-1.01325
-5 4
5 1
-2.99183
-4 -5
2 -1
-1.33118
-4 -5
2 0
-1.29953
-4 -5
2 1
-2.73383
-4 -5
5 -1
-1.9886
-4 -5
5 0
-1.68646
-4 -5
5 1
-1
-4 -4
2 -1
-2.14101
-4 -4
2 0
-2.9
-4 -4
2 1
-1
-4 -4
5 -1
-2.14053
-4 -4
5 0
-2.76847
-4 -4
5 1
-4.21583
-4 -3
2 -1
-1
-4 -3
2 0
-3.09317
-4 -3
2 1
-5.54794
-4 -3
5 -1
-2.51616
-4 -3
5 0
-2.69928
-4 -3
5 1
-4.8387
-4 -2
2 -1
-3.07619
-4 -2
2 0
-3.81848
-4 -2
2 1
-1
-4 -2
5 -1
-3.17213
-4 -2
5 0
-3.93267
-4 -2
5 1
-2.9
-4 -1
2 -1
-2.9
-4 -1
2 0
-1
-4 -1
2 1
-4.24365
-4 -1
5 -1
-1
-4 -1
5 0
-1
-4 -1
5 1
-15.0913
-4 0
5 -1
-2.418
-4 0
5 0
-2.67986
-4 0
5 1
-4.78082
-4 1
3 -1
-3.30088
-4 1
3 0
-3.03006
-4 1
3 1
-5.41648
-4 1
5 -1
-3.4572
-4 1
5 0
-1
-4 1
5 1
-1
-4 2
3 -1
-3.4026
-4 2
3 0
-2.85601
-4 2
3 1
-5.7042
-4 2
5 -1
-2.73175
-4 2
5 0
-2.42836
-4 2
5 1
-5.11914
-4 3
3 -1
-2.06926
-4 3
3 0
-1
-4 3
3 1
-5.7473
-4 3
5 -1
-1.98281
-4 3
5 0
-2.13863
-4 3
5 1
-2.9
-4 4
3 -1
-2.96755
-4 4
3 0
-1.48653
-4 4
3 1
-4.13142
-4 4
5 -1
-2.40904
-4 4
5 0
-1.84219
-4 4
5 1
-6.18746
-3 -5
2 -1
-1.17734
-3 -5
2 0
-1.28727
-3 -5
2 1
-4.26818
-3 -5
5 -1
-3.08644
-3 -5
5 0
-2.32361
-3 -5
5 1
-6.18618
-3 -4
2 -1
-2.09021
-3 -4
2 0
-2.27855
-3 -4
2 1
-7.2923
-3 -4
5 -1
-3.02226
-3 -4
5 0
-2.81357
-3 -4
5 1
-1
-3 -3
2 -1
-2.9
-3 -3
2 0
-3.81698
-3 -3
2 1
-7.32972
-3 -3
5 -1
-3.00065
-3 -3
5 0
-11.4506
-3 -3
5 1
-4.62452
-3 -2
2 -1
-1
-3 -2
2 0
-4.30094
-3 -2
2 1
-8.82013
-3 -2
5 -1
-2.9
-3 -2
5 0
-4.88628
-3 -2
5 1
-6.51
-3 -1
2 -1
-7.14779
-3 -1
2 0
-1
-3 -1
2 1
-6.70995
-3 -1
5 -1
-4.97967
-3 -1
5 0
-4.79571
-3 -1
5 1
-6.68988
-3 0
5 -1
-1
-3 0
5 0
-1
-3 0
5 1
-2.9
-3 1
3 -1
-4.88555
-3 1
3 0
-12.8613
-3 1
3 1
-6.55342
-3 1
5 -1
-6.60433
-3 1
5 0
-2.9
-3 1
5 1
-7.80236
-3 2
3 -1
-4.13918
-3 2
3 0
-5.10621
-3 2
3 1
-6.51
-3 2
5 -1
-4.09719
-3 2
5 0
-9.3042
-3 2
5 1
-9.10547
-3 3
3 -1
-3.54023
-3 3
3 0
-3.96761
-3 3
3 1
-5.40092
-3 3
5 -1
-1
-3 3
5 0
-3.63816
-3 3
5 1
-4.80225
-3 4
3 -1
-1.34126
-3 4
3 0
-1
-3 4
3 1
-3.18252
-3 4
5 -1
-3.2178
-3 4
5 0
-3.25563
-3 4
5 1
-6.94994
-2 -5
2 -1
-1.56474
-2 -5
2 0
-1.73332
-2 -5
2 1
-4.40784
-2 -5
5 -1
-2.81861
-2 -5
5 0
-2.01034
-2 -5
5 1
-3.33545
-2 -4
2 -1
-2.9198
-2 -4
2 0
-2.63122
-2 -4
2 1
-6.27521
-2 -4
5 -1
-4.70866
-2 -4
5 0
-2.25383
-2 -4
5 1
-6.51
-2 -3
2 -1
-4.01832
-2 -3
2 0
-4.08777
-2 -3
2 1
-6.42358
-2 -3
5 -1
-4.82827
-2 -3
5 0
-3.9854
-2 -3
5 1
-10.4317
-2 -2
2 -1
-5.7721
-2 -2
2 0
-7.10331
-2 -2
2 1
-7.28643
-2 -2
5 -1
-7.49312
-2 -2
5 0
-6.51
-2 -2
5 1
-6.07447
-2 -1
2 -1
-7.12956
-2 -1
2 0
-6.51
-2 -1
2 1
-4.82472
-2 -1
5 -1
-2.9
-2 -1
5 0
-1
-2 -1
5 1
-8.48695
-2 0
5 -1
-3.86936
-2 0
5 0
-2.9
-2 0
5 1
-10.5163
-2 1
3 -1
-1
-2 1
3 0
-4.75126
-2 1
3 1
-6.14182
-2 1
5 -1
-6.52714
-2 1
5 0
-4.14237
-2 1
5 1
-1
-2 2
3 -1
-4.19279
-2 2
3 0
-4.17333
-2 2
3 1
-6.40946
-2 2
5 -1
-4.64191
-2 2
5 0
-2.9
-2 2
5 1
-5.84718
-2 3
3 -1
-3.91896
-2 3
3 0
-1
-2 3
3 1
-8.31617
-2 3
5 -1
-2.9
-2 3
5 0
-6.27365
-2 3
5 1
-6.36217
-2 4
3 -1
-2.95177
-2 4
3 0
-3.36338
-2 4
3 1
-4.28933
-2 4
5 -1
-2.82197
-2 4
5 0
-2.46478
-2 4
5 1
-5.70172
-1 -5
2 -1
-1.18902
-1 -5
2 0
-1.44677
-1 -5
2 1
-4.63189
-1 -5
5 -1
-2.64624
-1 -5
5 0
-1.59995
-1 -5
5 1
-3.82367
-1 -4
2 -1
-2.32043
-1 -4
2 0
-3.85585
-1 -4
2 1
-8.79919
-1 -4
5 -1
-4.25365
-1 -4
5 0
-2.92216
-1 -4
5 1
-4.1377
-1 -3
2 -1
-3.56986
-1 -3
2 0
-4.3386
-1 -3
2 1
-6.84753
-1 -3
5 -1
-4.9005
-1 -3
5 0
-1
-1 -3
5 1
-3.91651
-1 -2
2 -1
-4.20397
-1 -2
2 0
-2.9
-1 -2
2 1
-4.92308
-1 -2
5 -1
-5.94902
-1 -2
5 0
-4.88044
-1 -2
5 1
-6.19676
-1 -1
2 -1
-5.03817
-1 -1
2 0
-1
-1 -1
2 1
-7.54094
-1 -1
5 -1
-9.13128
-1 -1
5 0
-5.41891
-1 -1
5 1
-9.03276
-1 0
5 -1
-1
-1 0
5 0
-2.9
-1 0
5 1
-2.9
-1 1
3 -1
-8.3327
-1 1
3 0
-1
-1 1
3 1
-7.98126
-1 1
5 -1
-4.04148
-1 1
5 0
-5.11657
-1 1
5 1
-11.1475
-1 2
3 -1
-5.93806
-1 2
3 0
-1
-1 2
3 1
-7.71446
-1 2
5 -1
-8.39499
-1 2
5 0
-6.05781
-1 2
5 1
-7.91886
-1 3
3 -1
-2.9
-1 3
3 0
-3.29863
-1 3
3 1
-6.52381
-1 3
5 -1
-4.39658
-1 3
5 0
-3.00321
-1 3
5 1
-6.38417
-1 4
3 -1
-1.75546
-1 4
3 0
-1.91852
-1 4
3 1
-6.5605
-1 4
5 -1
-4.50968
-1 4
5 0
-2.9
-1 4
5 1
-1
0 -5
2 -1
-1
0 -5
2 0
-1.5756
0 -5
2 1
-2.9
0 -4
2 -1
-2.9
0 -4
2 0
-2.9
0 -4
2 1
-4.28611
0 -3
2 -1
-1
0 -3
2 0
-2.7568
0 -3
2 1
-1
0 -2
2 -1
-1
0 -2
2 0
-6.35338
0 -2
2 1
-9.3828
0 -1
2 -1
-1
0 -1
2 0
-1
0 -1
2 1
-2.9
0 0
3 -1
-6.51
0 0
3 0
1
0 0
3 1
-2.9
0 1
3 -1
-2.9
0 1
3 0
-2.9
0 1
3 1
-2.9
0 2
3 -1
-1
0 2
3 0
-4.99307
0 2
3 1
-2.9
0 3
3 -1
-1
0 3
3 0
-1
0 3
3 1
-5.32242
0 4
3 -1
-1.68718
0 4
3 0
-1.68713
0 4
3 1
-1
1 -5
2 -1
-1.21768
1 -5
2 0
-2.52681
1 -5
2 1
-5.24359
1 -5
4 -1
-2.65426
1 -5
4 0
-1
1 -5
4 1
-3.04024
1 -4
2 -1
-2.67885
1 -4
2 0
-3.81506
1 -4
2 1
-11.786
1 -4
4 -1
-4.36116
1 -4
4 0
-3.04622
1 -4
4 1
-5.99575
1 -3
2 -1
-6.04944
1 -3
2 0
-4.84717
1 -3
2 1
-7.85489
1 -3
4 -1
-6.86327
1 -3
4 0
-1
1 -3
4 1
-6.88794
1 -2
2 -1
-11.4188
1 -2
2 0
-6.50916
1 -2
2 1
-7.29921
1 -2
4 -1
-4.74999
1 -2
4 0
-4.80955
1 -2
4 1
-7.8933
1 -1
2 -1
-9.03771
1 -1
2 0
-7.16218
1 -1
2 1
-10.5243
1 -1
4 -1
-6.69996
1 -1
4 0
-6.61256
1 -1
4 1
-6.51
1 0
4 -1
-1
1 0
4 0
-1
1 0
4 1
-2.9
1 1
3 -1
-5.75849
1 1
3 0
-4.65267
1 1
3 1
-10.7814
1 1
4 -1
-4.19576
1 1
4 0
-11.7878
1 1
4 1
-4.95912
1 2
3 -1
-5.4992
1 2
3 0
-4.66738
1 2
3 1
-8.14493
1 2
4 -1
-5.13305
1 2
4 0
-6.36108
1 2
4 1
-6.26302
1 3
3 -1
-5.03101
1 3
3 0
-5.5908
1 3
3 1
-13.8115
1 3
4 -1
-4.25091
1 3
4 0
-5.25793
1 3
4 1
-5.62953
1 4
3 -1
-1.29065
1 4
3 0
-2.0041
1 4
3 1
-4.37582
1 4
4 -1
-4.59589
1 4
4 0
-3.17628
1 4
4 1
-4.82664
2 -5
2 -1
-1.00687
2 -5
2 0
-2.16229
2 -5
2 1
-8.13908
2 -5
4 -1
-2.63953
2 -5
4 0
-1
2 -5
4 1
-3.07275
2 -4
2 -1
-1
2 -4
2 0
-2.8281
2 -4
2 1
-7.75347
2 -4
4 -1
-3.53423
2 -4
4 0
-3.27478
2 -4
4 1
-6.51
2 -3
2 -1
-4.38288
2 -3
2 0
-2.95082
2 -3
2 1
-8.24331
2 -3
4 -1
-4.57782
2 -3
4 0
-2.9
2 -3
4 1
-8.17387
2 -2
2 -1
-6.51
2 -2
2 0
-7.07964
2 -2
2 1
-7.1808
2 -2
4 -1
-4.12695
2 -2
4 0
-4.7002
2 -2
4 1
-9.44349
2 -1
2 -1
-5.38797
2 -1
2 0
-4.92051
2 -1
2 1
-8.04544
2 -1
4 -1
-6.93883
2 -1
4 0
-4.90716
2 -1
4 1
-11.9045
2 0
4 -1
-1
2 0
4 0
-7.17949
2 0
4 1
-10.312
2 1
3 -1
-5.4385
2 1
3 0
-6.51
2 1
3 1
-7.48286
2 1
4 -1
-3.21204
2 1
4 0
-1
2 1
4 1
-7.38692
2 2
3 -1
-1
2 2
3 0
-3.96068
2 2
3 1
-5.31947
2 2
4 -1
-3.9244
2 2
4 0
-2.9
2 2
4 1
-8.7065
2 3
3 -1
-3.53745
2 3
3 0
-1
2 3
3 1
-5.14422
2 3
4 -1
-3.65016
2 3
4 0
-4.27218
2 3
4 1
-3.89121
2 4
3 -1
-1.87806
2 4
3 0
-1
2 4
3 1
-4.82829
2 4
4 -1
-2.98453
2 4
4 0
-1.89129
2 4
4 1
-3.42181
3 -5
2 -1
-1.24791
3 -5
2 0
-1.29321
3 -5
2 1
-3.72385
3 -5
4 -1
-2.56623
3 -5
4 0
-2.23677
3 -5
4 1
-2.80781
3 -4
2 -1
-2.00213
3 -4
2 0
-2.28949
3 -4
2 1
-5.01258
3 -4
4 -1
-2.47673
3 -4
4 0
-2.9
3 -4
4 1
-8.75924
3 -3
2 -1
-4.18688
3 -3
2 0
-2.70867
3 -3
2 1
-4.48985
3 -3
4 -1
-1
3 -3
4 0
-2.54252
3 -3
4 1
-4.91536
3 -2
2 -1
-5.35551
3 -2
2 0
-5.24855
3 -2
2 1
-2.9
3 -2
4 -1
-2.2898
3 -2
4 0
-3.35651
3 -2
4 1
-9.10257
3 -1
2 -1
-1
3 -1
2 0
-1
3 -1
2 1
-4.18456
3 -1
4 -1
-2.9
3 -1
4 0
-4.79452
3 -1
4 1
-8.74854
3 0
4 -1
-2.56709
3 0
4 0
-2.83976
3 0
4 1
-5.32361
3 1
3 -1
-3.65043
3 1
3 0
-1
3 1
3 1
-5.90577
3 1
4 -1
-1
3 1
4 0
-4.14347
3 1
4 1
-9.26967
3 2
3 -1
-2.85067
3 2
3 0
-2.4174
3 2
3 1
-5.02598
3 2
4 -1
-1
3 2
4 0
-3.10789
3 2
4 1
-2.9
3 3
3 -1
-4.07842
3 3
3 0
-1
3 3
3 1
-3.15994
3 3
4 -1
-2.81372
3 3
4 0
-3.08807
3 3
4 1
-7.28682
3 4
3 -1
-1.62234
3 4
3 0
-2.4117
3 4
3 1
-2.60644
3 4
4 -1
-2.18185
3 4
4 0
-1.84937
3 4
4 1
-4.75495
4 -5
2 -1
-1.06877
4 -5
2 0
-1.01385
4 -5
2 1
-2.07046
4 -5
4 -1
-1.01339
4 -5
4 0
-1
4 -5
4 1
-2.23771
4 -4
2 -1
-2.12139
4 -4
2 0
-1.80689
4 -4
2 1
-3.19801
4 -4
4 -1
-1.21957
4 -4
4 0
-1
4 -4
4 1
-4.23295
4 -3
2 -1
-4.55759
4 -3
2 0
-2.11005
4 -3
2 1
-5.74654
4 -3
4 -1
-2.10542
4 -3
4 0
-1.64555
4 -3
4 1
-5.70156
4 -2
2 -1
-3.04163
4 -2
2 0
-2.05756
4 -2
2 1
-4.64806
4 -2
4 -1
-2.01965
4 -2
4 0
-1.64114
4 -2
4 1
-9.24634
4 -1
2 -1
-3.10573
4 -1
2 0
-2.19166
4 -1
2 1
-1
4 -1
4 -1
-1.25477
4 -1
4 0
-1
4 -1
4 1
-10.1954
4 0
4 -1
-1
4 0
4 0
-1.78673
4 0
4 1
-3.60543
4 1
3 -1
-3.28797
4 1
3 0
-2.57723
4 1
3 1
-5.84365
4 1
4 -1
-1.6408
4 1
4 0
-1.98205
4 1
4 1
-2.9
4 2
3 -1
-2.68966
4 2
3 0
-1
4 2
3 1
-3.49607
4 2
4 -1
-1.74314
4 2
4 0
-1
4 2
4 1
-6.51085
4 3
3 -1
-2.63276
4 3
3 0
-1
4 3
3 1
-3.30231
4 3
4 -1
-1.5419
4 3
4 0
-2.30972
4 3
4 1
-2.74907
4 4
3 -1
-1.15426
4 4
3 0
-1.05293
4 4
3 1
-2.16642
4 4
4 -1
-1.11198
4 4
4 0
-1.11742
4 4
4 1
-2.19134