1 12 0 -0.55296 3210
1 12 1 -0.519837 3176
1 13 0 -0.534834 9732
1 13 1 -0.549856 9788
1 14 0 -0.588555 11253
1 14 1 -0.567754 11195
1 15 0 -0.576142 9758
1 15 1 -0.57525 10764
1 16 0 -0.626271 12699
1 16 1 -0.610253 15038
1 17 0 -0.568885 10554
1 17 1 -0.563239 14967
1 18 0 -0.411981 11151
1 18 1 -0.423254 18053
1 19 0 -0.331701 12044
1 19 1 -0.36563 19249
1 20 0 -0.16959 16251
1 20 1 -0.295998 22034
1 21 0 -0.0367504 52707
1 21 1 -0.143896 55943
2 12 0 -0.0503327 4808
2 12 1 -0.0296988 4815
2 13 0 -0.0324084 8578
2 13 1 -0.0441958 8847
2 14 0 -0.0438604 12631
2 14 1 -0.0549239 13018
2 15 0 -0.0960286 11205
2 15 1 -0.0678873 11961
2 16 0 -0.134498 14372
2 16 1 -0.106927 16544
2 17 0 -0.110921 11738
2 17 1 -0.110259 16670
2 18 0 0.0996728 12531
2 18 1 0.086744 19229
2 19 0 0.241291 14124
2 19 1 0.165405 20471
2 20 0 0.383437 18741
2 20 1 0.253236 24179
2 21 0 0.358882 59117
2 21 1 0.283098 63123
3 12 0 0.0668336 5192
3 12 1 0.022767 5139
3 13 0 -0.0058385 12332
3 13 1 -0.0042243 12073
3 14 0 -0.0304343 11073
3 14 1 -0.0159343 11924
3 15 0 -0.0556137 11472
3 15 1 -0.047035 14266
3 16 0 -0.0709299 14042
3 16 1 -0.0542003 19760
3 17 0 0.0588336 11609
3 17 1 0.0510938 19748
3 18 0 0.163796 13468
3 18 1 0.145862 22151
3 19 0 0.306473 16021
3 19 1 0.231449 22264
3 20 0 0.420133 20841
3 20 1 0.284082 26619
3 21 0 0.389852 64917
3 21 1 0.309969 69078
4 12 0 0.0361819 4201
4 12 1 0.0578185 4272
4 13 0 0.0702912 9546
4 13 1 0.0526828 10288
4 14 0 -0.00452528 11933
4 14 1 0.0210833 11668
4 15 0 0.0163164 7661
4 15 1 0.0186066 9459
4 16 0 -0.0367194 13290
4 16 1 -0.0235731 15102
4 17 0 0.0792545 10624
4 17 1 0.0771226 15417
4 18 0 0.195125 12761
4 18 1 0.194639 16600
4 19 0 0.332509 13759
4 19 1 0.261898 17797
4 20 0 0.445235 18278
4 20 1 0.303759 19904
4 21 0 0.420566 54120
4 21 1 0.335031 55359
5 12 0 0.0553893 5344
5 12 1 0.0813443 5237
5 13 0 0.0878606 12167
5 13 1 0.0862 12645
5 14 0 0.0575655 14401
5 14 1 0.0652548 14497
5 15 0 0.022497 12535
5 15 1 0.0258195 14369
5 16 0 0.0136475 13116
5 16 1 0.011655 17160
5 17 0 0.109474 13026
5 17 1 0.109798 19454
5 18 0 0.23131 15062
5 18 1 0.217559 21015
5 19 0 0.350922 17340
5 19 1 0.282291 21616
5 20 0 0.4779 22329
5 20 1 0.347239 25386
5 21 0 0.444002 67842
5 21 1 0.362137 69112
6 12 0 0.117784 4279
6 12 1 0.116468 4293
6 13 0 0.0348951 10202
6 13 1 0.0408415 9696
6 14 0 0.0547775 11209
6 14 1 0.0694169 12072
6 15 0 0.0155986 10065
6 15 1 0.0284042 11618
6 16 0 0.0745433 12315
6 16 1 0.0732627 16434
6 17 0 0.0228364 9371
6 17 1 0.0248795 12862
6 18 0 0.224808 11988
6 18 1 0.215642 17645
6 19 0 0.362564 14152
6 19 1 0.286872 17377
6 20 0 0.472062 17718
6 20 1 0.333922 20972
6 21 0 0.442223 54545
6 21 1 0.354765 54808
7 12 0 -0.121053 4370
7 12 1 -0.129562 4330
7 13 0 -0.207299 10111
7 13 1 -0.185267 9964
7 14 0 -0.205096 11463
7 14 1 -0.181483 12227
7 15 0 -0.247807 9576
7 15 1 -0.223166 12121
7 16 0 -0.249153 11808
7 16 1 -0.225399 17276
7 17 0 -0.0342641 9777
7 17 1 -0.0373354 17249
7 18 0 0.237176 8753
7 18 1 0.156242 17108
7 19 0 0.334777 12692
7 19 1 0.214449 19711
7 20 0 0.428908 17006
7 20 1 0.237739 22470
7 21 0 0.356073 53784
7 21 1 0.246259 56713
8 12 0 -0.234916 4359
8 12 1 -0.223107 4267
8 13 0 -0.237442 9973
8 13 1 -0.252689 10135
8 14 0 -0.265544 11934
8 14 1 -0.245835 11467
8 15 0 -0.35665 10879
8 15 1 -0.316012 10873
8 16 0 -0.332855 13261
8 16 1 -0.309172 15396
8 17 0 -0.320536 11278
8 17 1 -0.303294 15424
8 18 0 0.0187214 11591
8 18 1 -0.0160117 18549
8 19 0 0.327566 11213
8 19 1 0.149737 17130
8 20 0 0.387301 17072
8 20 1 0.153016 22318
8 21 0 0.296907 53653
8 21 1 0.178267 56881
9 12 0 -0.250185 5412
9 12 1 -0.252338 5346
9 13 0 -0.294232 12915
9 13 1 -0.283638 12449
9 14 0 -0.327532 14191
9 14 1 -0.316833 14888
9 15 0 -0.358566 11995
9 15 1 -0.342747 15014
9 16 0 -0.369804 14916
9 16 1 -0.348244 21416
9 17 0 -0.214291 12231
9 17 1 -0.222108 21476
9 18 0 -0.18506 14017
9 18 1 -0.189067 23743
9 19 0 0.0770656 16194
9 19 1 -0.0141178 24579
9 20 0 0.387577 19351
9 20 1 0.100842 25892
9 21 0 0.25301 66859
9 21 1 0.131907 72634
10 12 0 -0.292055 22191
10 12 1 -0.298652 22203
10 13 0 -0.393614 52765
10 13 1 -0.382661 50682
10 14 0 -0.393547 58580
10 14 1 -0.381383 62268
10 15 0 -0.418553 49714
10 15 1 -0.402739 61335
10 16 0 -0.419368 59852
10 16 1 -0.415909 88637
10 17 0 -0.384783 49971
10 17 1 -0.382146 88045
10 18 0 -0.226219 51048
10 18 1 -0.235854 104887
10 19 0 -0.139781 60230
10 19 1 -0.178297 107696
10 20 0 0.0999606 84333
10 20 1 -0.0610488 124245
10 21 0 0.181696 263874
10 21 1 0.0437276 290526