1 12 0 -0.692216 96090
1 12 1 -0.692089 124370
1 13 0 -0.746029 112454
1 13 1 -0.746416 131791
1 14 0 -0.734724 96993
1 14 1 -0.734772 134680
1 15 0 -0.736291 106341
1 15 1 -0.73638 152390
1 16 0 -0.73741 93553
1 16 1 -0.737398 148366
1 17 0 -0.61897 97024
1 17 1 -0.62169 155375
1 18 0 -0.505475 111147
1 18 1 -0.640492 142895
1 19 0 -0.402622 130370
1 19 1 -0.700001 148394
1 20 0 -0.395894 201276
1 20 1 -0.774318 198612
1 21 0 0.607485 126943
1 21 1 -0.871725 89020
2 12 0 -0.226166 79331
2 12 1 -0.226045 103059
2 13 0 -0.225497 107279
2 13 1 -0.225974 114270
2 14 0 -0.240912 107728
2 14 1 -0.242057 104021
2 15 0 -0.239709 118811
2 15 1 -0.244831 113809
2 16 0 -0.234867 115304
2 16 1 -0.242974 103250
2 17 0 -0.17626 124100
2 17 1 -0.294809 98091
2 18 0 -0.0115312 135545
2 18 1 -0.339184 86157
2 19 0 0.117358 149935
2 19 1 -0.428174 90963
2 20 0 0.0843024 210505
2 20 1 -0.504276 138936
2 21 0 0.878981 145738
2 21 1 -0.620501 37950
3 12 0 -0.182515 95954
3 12 1 -0.182481 119004
3 13 0 -0.177537 105257
3 13 1 -0.17821 118197
3 14 0 -0.178473 113222
3 14 1 -0.185426 115976
3 15 0 -0.189431 130195
3 15 1 -0.207958 125087
3 16 0 -0.186665 129403
3 16 1 -0.2141 109850
3 17 0 -0.130045 145949
3 17 1 -0.263307 98372
3 18 0 0.026967 149034
3 18 1 -0.314569 91821
3 19 0 0.16104 163506
3 19 1 -0.383067 97988
3 20 0 0.114547 229033
3 20 1 -0.477752 150166
3 21 0 0.891684 158609
3 21 1 -0.592866 40822
4 12 0 -0.142216 78775
4 12 1 -0.143032 99390
4 13 0 -0.153137 100217
4 13 1 -0.157673 98076
4 14 0 -0.137346 85885
4 14 1 -0.15051 88034
4 15 0 -0.156047 109884
4 15 1 -0.181177 98671
4 16 0 -0.154884 106118
4 16 1 -0.193608 88328
4 17 0 -0.0925452 118450
4 17 1 -0.251917 80515
4 18 0 0.0608373 121521
4 18 1 -0.276358 75214
4 19 0 0.171306 133206
4 19 1 -0.364598 79696
4 20 0 0.131087 186388
4 20 1 -0.456195 123213
4 21 0 0.892499 129403
4 21 1 -0.56926 33064
5 12 0 -0.122034 98416
5 12 1 -0.122733 124074
5 13 0 -0.0968806 123843
5 13 1 -0.102618 124881
5 14 0 -0.107746 119327
5 14 1 -0.124682 115036
5 15 0 -0.1235 128162
5 15 1 -0.163016 113829
5 16 0 -0.120969 133918
5 16 1 -0.178731 107088
5 17 0 -0.0589658 147526
5 17 1 -0.213043 99651
5 18 0 0.0859897 152809
5 18 1 -0.257047 90357
5 19 0 0.199501 167387
5 19 1 -0.33702 98205
5 20 0 0.144033 233502
5 20 1 -0.440465 152450
5 21 0 0.900837 161682
5 21 1 -0.551686 39972
6 12 0 -0.152885 81172
6 12 1 -0.152963 99553
6 13 0 -0.101064 95000
6 13 1 -0.109079 106171
6 14 0 -0.122131 97076
6 14 1 -0.137057 93531
6 15 0 -0.13695 109412
6 15 1 -0.162455 100397
6 16 0 -0.122468 104714
6 16 1 -0.162913 76078
6 17 0 -0.0561515 114013
6 17 1 -0.218758 84637
6 18 0 0.116517 124368
6 18 1 -0.263816 74063
6 19 0 0.207095 133664
6 19 1 -0.360127 80305
6 20 0 0.144756 187620
6 20 1 -0.454759 123052
6 21 0 0.89883 129484
6 21 1 -0.571722 33086
7 12 0 -0.509289 80090
7 12 1 -0.50914 99953
7 13 0 -0.462493 87463
7 13 1 -0.462579 114718
7 14 0 -0.470589 82486
7 14 1 -0.470674 110622
7 15 0 -0.492546 88266
7 15 1 -0.492693 125108
7 16 0 -0.473014 82118
7 16 1 -0.473066 118341
7 17 0 -0.171691 81280
7 17 1 -0.310122 111008
7 18 0 0.0953121 96399
7 18 1 -0.384636 110567
7 19 0 0.18005 113219
7 19 1 -0.492662 112907
7 20 0 0.0459855 169249
7 20 1 -0.603574 155058
7 21 0 0.929975 112603
7 21 1 -0.74838 66970
8 12 0 -0.541527 79189
8 12 1 -0.541582 101750
8 13 0 -0.527363 92608
8 13 1 -0.527215 108980
8 14 0 -0.536568 83678
8 14 1 -0.536508 108524
8 15 0 -0.55854 86780
8 15 1 -0.558166 126009
8 16 0 -0.548848 80924
8 16 1 -0.548806 120651
8 17 0 -0.404797 79257
8 17 1 -0.405156 127425
8 18 0 -0.0788393 86987
8 18 1 -0.404497 105677
8 19 0 0.130686 106715
8 19 1 -0.509678 119493
8 20 0 0.0298003 167380
8 20 1 -0.630139 158484
8 21 0 0.933272 110000
8 21 1 -0.774929 70378
9 12 0 -0.533976 100589
9 12 1 -0.533888 127776
9 13 0 -0.533112 112586
9 13 1 -0.533206 142174
9 14 0 -0.533296 102819
9 14 1 -0.533236 138543
9 15 0 -0.539203 114569
9 15 1 -0.539195 155061
9 16 0 -0.537755 106595
9 16 1 -0.537611 147266
9 17 0 -0.433619 118233
9 17 1 -0.435048 142483
9 18 0 -0.305499 123526
9 18 1 -0.435153 137092
9 19 0 -0.00242338 135765
9 19 1 -0.514025 131515
9 20 0 0.0223353 213429
9 20 1 -0.630183 194564
9 21 0 0.941822 144986
9 21 1 -0.772668 79892
10 12 0 -0.549078 410093
10 12 1 -0.549187 531802
10 13 0 -0.566536 458435
10 13 1 -0.566747 585724
10 14 0 -0.560032 432995
10 14 1 -0.560083 569025
10 15 0 -0.567008 479669
10 15 1 -0.567106 628963
10 16 0 -0.561863 452254
10 16 1 -0.56185 590024
10 17 0 -0.4742 480050
10 17 1 -0.485189 595007
10 18 0 -0.357976 550105
10 18 1 -0.504383 524898
10 19 0 -0.249408 618035
10 19 1 -0.558184 546089
10 20 0 -0.0996973 871789
10 20 1 -0.645009 727270
10 21 0 0.889014 602107
10 21 1 -0.78889 308531