1 12 1 
1 13 0 
1 14 1 
1 15 1 
1 16 1 
1 17 1 
1 18 0 
1 19 0 
2 12 1 
2 13 0 
2 14 0 
2 15 1 
2 16 1 
2 17 1 
2 18 0 
2 19 0 
3 12 0 
3 13 1 
3 14 1 
3 15 1 
3 16 1 
3 17 0 
3 18 0 
3 19 0 
4 12 1 
4 13 0 
4 14 1 
4 15 1 
4 16 1 
4 17 0 
4 18 0 
4 19 0 
5 12 1 
5 13 0 
5 14 1 
5 15 1 
5 16 0 
5 17 1 
5 18 0 
5 19 0 
6 12 0 
6 13 1 
6 14 1 
6 15 1 
6 16 0 
6 17 1 
6 18 0 
6 19 0 
7 12 0 
7 13 1 
7 14 1 
7 15 1 
7 16 1 
7 17 0 
7 18 0 
7 19 0 
8 12 1 
8 13 0 
8 14 1 
8 15 1 
8 16 1 
8 17 1 
8 18 0 
8 19 0 
9 12 0 
9 13 1 
9 14 1 
9 15 1 
9 16 1 
9 17 0 
9 18 0 
9 19 0 
10 12 0 
10 13 1 
10 14 1 
10 15 1 
10 16 1 
10 17 1 
10 18 0 
10 19 0 
1 20 0 
1 21 0 
2 20 0 
2 21 0 
3 20 0 
3 21 0 
4 20 0 
4 21 0 
5 20 0 
5 21 0 
6 20 0 
6 21 0 
7 20 0 
7 21 0 
8 20 0 
8 21 0 
9 20 0 
9 21 0 
10 20 0 
10 21 0 