1 12 -0.616073 53393
1 13 -0.610993 55179
1 14 -0.615525 51361
1 15 -0.619292 57049
1 16 -0.623984 53152
1 17 -0.623566 53943
1 18 -0.39231 49127
1 19 -0.156911 51972
1 20 0.10169 77943
1 21 0.603185 22862
2 12 -0.191847 42930
2 13 -0.237418 49019
2 14 -0.220163 42028
2 15 -0.236592 46878
2 16 -0.239252 39937
2 17 -0.101064 38085
2 18 0.157514 33654
2 19 0.400584 36639
2 20 0.634669 60849
2 21 0.869876 10759
3 12 -0.146357 51456
3 13 -0.178726 50256
3 14 -0.178067 47690
3 15 -0.174812 51627
3 16 -0.186543 42714
3 17 -0.059121 38751
3 18 0.192551 35975
3 19 0.435538 39062
3 20 0.660046 66006
3 21 0.888628 10254
4 12 -0.114876 41880
4 13 -0.132864 42374
4 14 -0.138021 33915
4 15 -0.131952 40242
4 16 -0.133024 33791
4 17 -0.0153398 31226
4 18 0.208074 29009
4 19 0.440248 31162
4 20 0.674433 52788
4 21 0.896453 8035
5 12 -0.0938762 53155
5 13 -0.0987151 52869
5 14 -0.0995904 46601
5 15 -0.101595 45258
5 16 -0.111256 41571
5 17 -0.000386164 38844
5 18 0.242063 35305
5 19 0.472325 38789
5 20 0.690067 65811
5 21 0.900974 9240
6 12 -0.0923249 41863
6 13 -0.135904 44259
6 14 -0.137041 37376
6 15 -0.132809 40607
6 16 -0.142937 28523
6 17 0.0214612 32757
6 18 0.289293 28784
6 19 0.501304 31430
6 20 0.70455 53444
6 21 0.901091 8614
7 12 -0.249808 41732
7 13 -0.323732 45479
7 14 -0.407017 41986
7 15 -0.409735 45449
7 16 -0.37173 39429
7 17 -0.0950943 34082
7 18 0.435183 36109
7 19 0.639538 38165
7 20 0.782745 59299
7 21 0.9307 15166
8 12 -0.3781 41997
8 13 -0.384939 43225
8 14 -0.373632 39836
8 15 -0.351974 45563
8 16 -0.380645 41406
8 17 -0.417039 42267
8 18 0.0982771 34535
8 19 0.602105 41046
8 20 0.798119 61764
8 21 0.931712 17529
9 12 -0.432517 53184
9 13 -0.432639 56086
9 14 -0.465756 51250
9 15 -0.453685 56482
9 16 -0.476088 50142
9 17 -0.439939 47984
9 18 -0.238141 45347
9 19 0.250789 43702
9 20 0.756962 76519
9 21 0.944444 19440
10 12 -0.476312 221246
10 13 -0.471185 234736
10 14 -0.461828 214673
10 15 -0.53034 242584
10 16 -0.56025 212621
10 17 -0.476692 205311
10 18 -0.274957 180729
10 19 -0.0590146 194071
10 20 0.417492 286640
10 21 0.879742 76452