1 12 -0.476716 1632
1 13 -0.634937 4969
1 14 -0.528352 5714
1 15 -0.59984 4963
1 16 -0.428316 6675
1 17 -0.474996 6059
1 18 -0.405051 6693
1 19 -0.182827 7034
1 20 0.0801969 8130
1 21 0.609454 25577
2 12 0.0236288 2370
2 13 -0.0897726 4400
2 14 -0.123868 6523
2 15 -0.00693189 5482
2 16 0.00262395 7241
2 17 -0.0282582 6653
2 18 0.158555 7335
2 19 0.414062 7453
2 20 0.656595 9135
2 21 0.878067 28532
3 12 -0.0397785 2891
3 13 0.0447375 6214
3 14 0.0711963 5843
3 15 0.0306217 6466
3 16 0.0677773 8705
3 17 -0.0564221 7887
3 18 0.204389 8430
3 19 0.453687 8572
3 20 0.673284 10376
3 21 0.890355 32204
4 12 0.171493 2210
4 13 -0.0799455 5141
4 14 0.0875432 5780
4 15 -0.0133983 4105
4 16 0.0876454 6880
4 17 0.00358132 6143
4 18 0.261643 6742
4 19 0.427774 6812
4 20 0.685647 7762
4 21 0.894789 25330
5 12 0.130624 2756
5 13 0.0167263 6158
5 14 0.107108 7245
5 15 0.120959 6465
5 16 0.0802605 7351
5 17 0.0716728 7897
5 18 0.276125 8402
5 19 0.48102 8430
5 20 0.691857 10401
5 21 0.899661 32121
6 12 0.0224214 2230
6 13 0.127842 5014
6 14 0.036418 6041
6 15 0.0871956 5092
6 16 -0.0153736 7025
6 17 0.118037 4990
6 18 0.296714 6663
6 19 0.50673 6686
6 20 0.711804 8234
6 21 0.89939 25425
7 12 -0.276758 2233
7 13 0.0630051 4952
7 14 0.000502395 5972
7 15 -0.00550798 5265
7 16 -0.0150055 7264
7 17 -0.0728379 6741
7 18 0.455349 6002
7 19 0.642452 7227
7 20 0.790156 8330
7 21 0.932434 25516
8 12 -0.343511 2227
8 13 -0.430603 5065
8 14 -0.349908 5953
8 15 -0.0487398 4801
8 16 -0.210655 6494
8 17 -0.0810535 5885
8 18 0.112659 6604
8 19 0.619164 5740
8 20 0.787466 8154
8 21 0.931225 25242
9 12 -0.501959 2807
9 13 -0.200129 6206
9 14 -0.166199 7124
9 15 -0.152997 6621
9 16 -0.20203 8865
9 17 -0.414111 8022
9 18 -0.20687 8706
9 19 0.270485 9006
9 20 0.783403 9086
9 21 0.93855 32172
10 12 -0.545997 11229
10 13 -0.207735 25600
10 14 -0.251891 30136
10 15 -0.237594 26419
10 16 -0.277644 36943
10 17 -0.288069 33662
10 18 -0.275543 38132
10 19 -0.0609621 38893
10 20 0.430875 45765
10 21 0.896859 129289